0 0 0
0 0 0
0 1 0
0 1 0
0 1 0
0 1 1
1 1 2
3 1 3
3 3 3
3 3 3
3 3 3
3 4 3
5 4 4
6 4 4
6 4 4
7 4 4
9 4 5
9 4 6
10 5 6
10 5 7
10 5 7
11 6 7
11 6 9
11 7 9
12 7 9
12 9 11
12 9 11
12 9 11
12 9 11
12 9 11
13 10 13
15 10 14
16 10 14
16 11 14
17 11 14
15 11 14
16 11 14
16 12 15
16 12 15
16 13 15
16 13 15
16 13 15
16 13 15
16 13 15
16 13 16
17 13 16
18 13 16
18 13 16
18 13 16
18 14 17
19 14 17
20 14 17
20 14 17
20 14 17
20 16 17
19 16 17
19 16 17
19 16 17
19 16 17
19 17 17
19 18 17
20 18 17
20 19 17
20 19 17
20 19 17
20 19 17
21 19 18
21 19 18
24 19 18
25 19 18
25 20 19
26 20 19
26 20 19
26 20 20
26 20 20
27 20 20
27 20 21
28 20 21
30 20 21
30 21 21
30 21 21
30 21 21
30 22 21
31 22 21
31 22 21
31 22 21
31 22 21
31 22 21
31 23 21
31 23 21
31 23 21
32 24 21
32 24 21
32 24 21
32 24 21
33 24 21
33 24 21
33 25 22
33 28 23
33 28 23
33 28 23
33 28 24
33 28 25
34 28 25
34 28 26
34 28 26
34 29 29
36 30 29
36 31 29
36 32 29
36 32 29
36 32 32
36 32 34
36 32 34
36 32 35
36 32 35
36 32 35
36 32 35
38 32 35
38 32 36
38 32 36
38 32 36
39 33 37
39 33 38
40 32 38
41 32 40
40 32 40
40 32 41
40 32 42
40 32 42
41 32 42
42 32 42
42 32 42
42 32 42
43 33 42
44 33 41
44 33 41
45 33 41
45 34 41
45 34 41
45 34 42
46 34 42
47 34 41
48 35 42
49 35 43
50 36 43
52 36 44
53 36 44
54 36 43
54 36 43
54 36 43
54 36 44
54 36 44
54 38 44
53 38 44
53 39 45
53 39 46
53 39 46
53 39 46
53 40 47
53 42 47
53 42 47
53 43 47
53 43 48
53 44 48
53 44 48
55 44 48
55 44 48
56 44 48
56 44 47
57 44 47
57 44 47
57 44 47
58 44 47
59 46 48
61 45 48
62 45 48
62 45 48
62 45 48
62 47 48
62 47 48
62 47 48
63 47 48
64 47 48
64 47 48
64 47 48
64 47 48
65 48 48
65 48 50
65 48 50
65 49 50
65 49 50
65 49 50
65 49 49
65 49 50
64 49 50
65 49 50
65 49 50
65 49 49
65 50 50
65 50 50
64 51 50
65 51 52
65 51 52
65 52 51
66 52 51
66 52 53
67 52 53
68 53 53
69 55 53
68 56 53
69 56 55
69 56 54
69 56 54
69 55 54
69 55 54
69 55 54
69 55 54
69 55 55
69 55 55
69 55 55
69 56 55
69 56 55
69 56 55
69 57 55
70 57 54
71 58 55
72 58 55
71 58 55
71 58 55
71 58 56
71 58 55
73 58 55
73 58 55
73 58 57
73 58 57
73 58 57
73 59 57
74 59 57
74 60 57
74 60 57
75 61 56
76 62 56
76 62 56
76 62 56
77 63 56
77 64 56
75 66 56
75 66 56
76 68 57
75 69 58
75 70 59
77 71 59
78 71 61
77 71 61
77 71 61
77 72 61
78 73 62
79 73 62
80 73 63
80 72 63
80 72 63
80 72 64
79 72 65
80 72 66
79 72 66
80 72 66
80 73 66
80 72 66
80 72 66
81 71 66
81 70 66
81 70 67
81 70 68
81 70 68
80 71 68
81 71 68
81 71 68
82 70 66
82 69 66
82 69 66
81 69 66
82 69 66
82 70 66
83 70 66
83 72 66
84 72 68
84 72 68
84 71 68
84 71 68
85 72 68
85 71 68
86 71 68
86 71 68
86 71 68
84 71 68
85 70 69
85 70 69
85 69 69
84 69 70
84 69 70
85 69 70
85 69 70
87 69 69
88 70 69
88 69 69
88 69 69
88 69 70
88 69 70
88 69 70
88 71 71
88 72 72
88 73 72
88 73 72
89 73 72
89 73 72
90 74 72
90 74 72
91 77 74
91 78 74
91 78 74
92 79 75
92 81 75
93 79 75
95 78 76
96 79 77
96 79 77
96 79 76
96 80 76
95 79 77
96 80 77
96 81 77
97 82 77
96 83 77
96 82 76
97 82 76
97 82 76
96 82 76
96 83 76
96 83 78
97 82 78
98 82 81
97 81 82
97 81 82
97 81 81
97 81 81
97 82 82
97 83 83
96 84 82
96 83 81
95 83 81
95 83 81
95 84 81
94 85 81
94 85 81
94 85 81
94 85 81
94 86 81
93 86 81
93 87 83
93 86 84
93 86 84
93 86 84
92 86 84
91 86 84
91 86 84
92 86 83
92 85 83
91 85 83
91 85 84
91 85 84
92 87 85
91 87 86
91 87 86
91 88 88
91 88 87
91 87 86
91 87 86
90 87 87
90 87 87
90 87 87
89 87 87
88 88 86
87 88 85
87 88 85
88 88 85
88 88 85
88 88 84
87 87 85
87 86 86
87 86 85
88 86 86
88 86 86
88 87 87
87 87 87
88 86 88
88 86 88
89 86 88
89 86 87
90 83 88
90 83 89
90 83 89
90 82 90
91 82 92
90 83 93
89 83 93
89 83 93
88 83 94
88 83 95
88 83 94
90 83 94
90 84 94
89 84 94
89 84 95
89 84 93
89 84 93
90 85 93
90 84 93
90 84 95
90 84 95
90 84 95
90 84 94
90 86 94
90 86 94
90 86 94
90 86 94
90 86 93
90 86 92
90 86 92
90 86 92
90 86 92
91 87 91
91 87 91
92 86 90
93 87 90
95 87 90
95 87 90
95 87 90
95 87 90
95 87 90
95 86 90
95 87 90
95 87 90
96 87 90
96 87 90
96 87 91
95 87 91
94 87 92
94 86 93
93 87 93
93 89 93
93 89 93
92 89 93
92 90 93
92 90 93
92 90 93
91 90 94
91 90 94
92 90 94
93 92 93
94 92 92
94 92 92
93 92 92
93 92 93
92 92 92
91 92 92
92 92 92
92 92 91
93 92 92
94 92 91
95 92 91
95 92 91
96 92 91
95 92 91
94 92 90
94 92 90
94 92 90
94 91 90
96 91 90
95 91 90
94 91 89
93 91 89
94 89 89
94 90 90
93 90 90
93 89 90
92 88 91
93 88 91
93 89 92
93 88 93
93 88 93
93 89 93
94 88 92
94 88 92
96 89 92
96 89 92
96 90 92
95 90 93
94 91 93
94 92 93
94 93 94
94 91 94
93 90 95
92 91 96
91 91 97
91 91 96
92 92 97
91 91 97
91 91 96
91 91 96
91 92 97
93 91 98
92 92 98
92 92 97
92 92 96
93 91 99
93 91 97
93 92 97
92 92 97
94 92 98
95 91 99
95 91 99
95 90 99
94 91 100
94 92 99
94 93 99
94 93 99
94 93 100
94 93 100
94 91 100
94 92 99
93 93 99
92 93 99
92 94 99
92 94 99
91 94 100
91 95 100
90 95 100
90 95 100
90 95 100
91 94 100
92 94 99
93 94 99
94 95 101
94 92 102
94 92 101
94 92 101
95 92 102
95 91 102
95 91 103
95 90 104
95 90 104
95 91 103
95 92 101
94 91 102
93 92 101
93 92 101
93 92 101
94 91 102
96 90 102
97 91 102
98 91 102
98 92 102
98 91 102
98 90 101
98 90 102
98 90 101
98 89 101
99 90 101
99 91 100
97 92 101
96 91 102
96 91 102
96 91 102
96 91 103
96 91 102
95 92 102
95 90 102
95 90 102
94 89 101
93 88 102
93 89 102
93 88 103
95 88 103
95 90 103
96 90 102
95 91 100
95 90 100
95 90 102
95 88 102
95 89 103
96 89 103
96 90 102
97 90 103
97 91 103
96 91 103
96 92 102
96 92 102
96 92 102
96 92 101
96 93 101
95 94 101
94 94 101
93 94 101
92 94 101
91 94 101
91 95 101
90 96 102
90 97 102
90 97 103
90 97 104
90 98 105
89 99 105
89 100 106
89 99 105
89 100 105
89 100 107
89 100 107
89 100 107
89 100 108
89 99 108
89 100 108
89 99 107
89 98 107
89 98 107
89 98 108
90 97 108
90 98 108
91 100 107
91 100 106
93 100 105
93 98 105
94 99 105
93 99 106
94 98 106
95 98 106
95 98 106
95 97 105
95 97 105
96 98 104
95 98 106
95 96 107
95 95 108
95 95 108
96 95 108
96 94 109
96 94 108
96 94 109
96 94 109
95 93 108
96 92 109
96 91 109
97 91 108
98 91 107
99 91 109
99 91 109
96 90 109
95 90 109
95 90 109
95 91 109
95 91 109
95 90 109
95 91 108
95 93 108
96 93 107
96 94 107
95 93 107
95 92 107
95 93 108
97 93 108
98 92 107
98 92 108
97 91 108
98 90 107
98 90 106
98 90 106
97 90 105
97 90 105
98 91 105
98 90 103
97 93 102
97 93 103
97 94 102
97 94 101
97 94 102
97 94 102
96 94 104
96 94 104
95 94 104
95 94 104
95 94 103
95 94 102
94 93 103
95 93 103
95 93 103
96 92 103
96 92 104
96 92 103
97 93 102
98 93 102
98 96 103
98 96 104
98 95 104
99 95 106
99 96 106
98 96 106
96 94 106
94 94 106
95 94 105
95 95 105
95 93 105
95 93 105
95 92 105
95 92 105
95 92 105
93 92 105
93 91 105
94 92 106
94 91 106
95 91 105
95 90 105
95 90 105
94 89 105
94 89 105
94 89 106
94 89 106
94 89 106
95 89 106
95 89 106
95 88 106
97 88 106
98 90 106
98 90 106
99 90 107
99 87 108
99 86 107
99 87 108
98 87 108
98 87 108
98 87 107
98 87 107
98 86 109
99 87 109
99 87 109
99 86 109
101 86 109
101 85 109
101 84 108
101 83 108
101 83 108
100 83 108
100 83 108
101 83 108
99 83 108
99 83 109
100 83 107
100 83 107
102 84 106
103 84 108
103 83 108
103 83 107
102 84 107
102 84 108
103 84 108
103 84 108
103 84 108
105 84 108
105 83 107
105 83 107
105 83 107
105 83 107
104 83 107
106 82 107
106 81 106
106 80 106
107 79 104
107 79 103
106 79 103
106 79 103
104 79 103
104 79 104
103 77 104
103 77 103
103 76 103
102 76 103
103 75 102
104 74 102
104 73 102
103 73 102
103 73 103
103 73 103
104 73 103
104 73 103
104 73 101
105 74 102
105 74 102
104 74 102
104 75 100
104 74 102
104 74 102
105 73 103
106 74 103
106 75 103
106 75 102
107 76 102
107 75 100
107 75 100
108 76 100
107 77 101
107 77 101
106 77 101
106 77 101
107 77 102
108 78 103
107 78 105
107 79 105
108 79 105
108 79 105
108 79 105
108 79 104
107 79 104
106 78 104
107 77 104
106 79 104
106 80 102
106 80 102
106 80 102
107 80 101
108 80 100
108 80 101
108 81 99
108 81 98
108 80 96
109 80 96
109 80 95
109 81 95
109 81 96
110 81 96
110 81 96
110 82 96
109 82 95
109 83 96
109 83 97
109 83 98
110 83 98
110 83 98
110 84 98
110 84 99
110 84 99
110 83 99
109 84 99
108 85 99
108 85 98
107 85 97
108 85 98
109 85 97
109 86 97
109 86 97
109 85 98
109 85 98
108 84 98
108 84 99
108 85 97
108 85 97
108 85 97
107 85 97
107 85 97
107 85 98
106 87 95
105 87 95
105 87 95
104 87 94
106 88 96
105 88 95
104 88 95
105 88 95
106 88 96
105 87 96
107 85 96
107 85 96
108 85 96
108 85 96
109 85 96
109 84 96
109 83 96
109 82 96
110 82 95
112 83 95
112 82 95
110 82 94
110 82 93
110 82 94
110 82 93
110 82 93
109 82 93
110 82 94
110 81 94
108 81 93
108 81 94
109 83 95
109 83 98
108 83 97
109 83 96
109 84 96
108 84 97
108 85 95
108 84 96
108 83 95
108 82 96
110 82 97
109 82 98
110 83 98
109 84 99
109 84 99
109 84 99
109 84 99
110 84 99
112 85 99
112 86 99
112 85 99
111 86 99
110 86 101
109 88 101
109 88 100
109 87 98
111 87 97
111 88 97
112 88 97
112 88 96
112 88 95
112 88 95
112 88 97
112 87 96
112 87 97
113 87 97
113 88 97
114 88 98
114 89 98
114 89 98
114 88 97
114 88 97
114 88 97
115 91 97
115 90 97
115 89 97
115 90 97
115 90 97
116 90 96
118 90 95
118 91 95
118 92 96
118 92 94
118 92 94
118 93 94
117 91 95
117 92 95
117 91 96
118 91 95
118 91 94
118 91 94
117 92 95
117 92 95
118 91 96
118 91 96
118 91 96
119 91 96
120 91 96
118 91 96
118 91 97
118 91 96
117 91 95
118 91 95
118 90 94
118 91 93
118 90 93
118 90 93
119 90 93
119 89 95
119 89 95
119 88 96
118 87 97
116 86 97
116 85 97
116 85 97
116 85 98
116 86 98
117 85 97
117 85 97
117 85 97
117 87 97
118 86 98
117 85 98
116 84 98
116 84 97
116 85 97
116 85 98
116 86 98
116 86 98
115 86 98
114 86 97
